-------------------------------------------------------------------------------------------------------------------------------------------------------------------------
  Bin Id               Marker lineage         # genomes   # markers   # marker sets    0     1    2    3   4   5+   Completeness   Contamination   Strain heterogeneity  
-------------------------------------------------------------------------------------------------------------------------------------------------------------------------
  hu-genome41     p__Euryarchaeota (UID49)        95         227           152         0    227   0    0   0   0       100.00           0.00               0.00          
  hu-genome22     p__Euryarchaeota (UID3)        148         188           125         3    185   0    0   0   0       97.60            0.00               0.00          
  hu-genome37      k__Bacteria (UID2495)         2993        147            91         5    142   0    0   0   0       94.51            0.00               0.00          
  hu-genome23    o__Clostridiales (UID1120)      304         250           143         14   234   2    0   0   0       94.41            0.25               0.00          
  hu-genome39   p__Actinobacteria (UID1454)      732         206           120         10   191   5    0   0   0       94.17            2.78              20.00          
  hu-genome36     p__Firmicutes (UID1022)        100         295           158         24   247   23   1   0   0       91.54            9.02              65.38          
  hu-genome33       k__Bacteria (UID209)         5443        105            59         6     96   3    0   0   0       91.53            4.24               0.00          
  hu-genome31       k__Bacteria (UID209)         5443        105            59         17    86   2    0   0   0       90.83            1.85              50.00          
  hu-genome29     p__Firmicutes (UID1022)        100         295           158         34   254   7    0   0   0       83.49            2.53              42.86          
  hu-genome24     p__Euryarchaeota (UID54)        90         234           153         37   190   6    1   0   0       82.71            4.58              66.67          
  hu-genome32      k__Bacteria (UID2569)         434         278           186         48   225   5    0   0   0       80.02            2.69               0.00          
  hu-genome35      k__Bacteria (UID2495)         2993        147            91         28   118   1    0   0   0       72.89            0.10               0.00          
  hu-genome30     p__Euryarchaeota (UID54)        90         234           153         57   175   2    0   0   0       72.12            0.98               0.00          
  hu-genome25      k__Bacteria (UID1452)         924         163           110         43   107   13   0   0   0       69.55            8.28               0.00          
  hu-genome40      k__Bacteria (UID1452)         924         163           110         43    99   21   0   0   0       67.17           16.36               0.00          
  hu-genome34       k__Bacteria (UID209)         5443        105            59         25    77   3    0   0   0       64.41            5.08               0.00          
  hu-genome26       k__Bacteria (UID209)         5443        104            58         32    71   1    0   0   0       63.79            0.86              100.00         
  hu-genome21       k__Bacteria (UID203)         5449        104            58         36    39   28   1   0   0       61.85           29.47              61.29          
  hu-genome20      k__Bacteria (UID2570)         433         273           183        125   139   9    0   0   0       56.68            3.60              66.67          
  hu-genome19      k__Bacteria (UID1453)         901         171           117         74    85   11   1   0   0       50.06            5.94               0.00          
  hu-genome38       k__Bacteria (UID203)         5449        104            58         43    57   4    0   0   0       47.86            5.17               0.00          
  hu-genome28       k__Bacteria (UID203)         5449        104            58         53    45   5    1   0   0       34.03            1.10              12.50          
  hu-genome27      k__Bacteria (UID1452)         924         161           108        102    52   7    0   0   0       31.52            6.48              85.71          
-------------------------------------------------------------------------------------------------------------------------------------------------------------------------
