------------------------------------------------------------------------------------------------------------------------------------------------------------------------------
  Bin Id                      Marker lineage      # genomes   # markers   # marker sets   0    1    2    3    4     5+   Completeness   Contamination   Strain heterogeneity  
------------------------------------------------------------------------------------------------------------------------------------------------------------------------------
  hu-genome36.plass.c100       root (UID1)           5656         56            24        0    0    1    5    1     49      100.00         6577.15             72.31          
  hu-genome39.plass.c100   k__Bacteria (UID203)      5449        104            58        2    3    4    0    5     90      98.12          1163.57             43.11          
  hu-genome22.plass.c100    k__Archaea (UID2)        207         149           107        3    11   12   11   11   101      97.66           853.97             70.02          
  hu-genome37.plass.c100   k__Bacteria (UID203)      5449        100            55        2    37   29   8    5     19      96.36           249.17             90.15          
  hu-genome23.plass.c100   k__Bacteria (UID203)      5449        104            58        3    8    10   6    6     71      96.21           669.48             74.77          
  hu-genome41.plass.c100       root (UID1)           5656         56            24        1    0    1    1    1     52      95.83          7897.58             59.07          
  hu-genome29.plass.c100       root (UID1)           5656         56            24        1    0    0    6    1     48      95.83          4215.77             89.18          
  hu-genome33.plass.c100   k__Bacteria (UID203)      5449        104            58        4    6    7    8    5     74      94.83          1307.63             50.92          
  hu-genome24.plass.c100       root (UID1)           5656         56            24        2    0    3    2    0     49      91.67          1949.83             65.51          
  hu-genome31.plass.c100   k__Bacteria (UID203)      5449        104            58        16   2    6    4    3     73      90.83          2887.66             72.42          
  hu-genome30.plass.c100       root (UID1)           5656         56            24        7    1    0    0    2     46      85.73          4559.32             59.67          
  hu-genome32.plass.c100   k__Bacteria (UID203)      5449        104            58        14   17   12   11   19    31      83.70           281.52             81.37          
  hu-genome35.plass.c100   k__Bacteria (UID203)      5449        104            58        12   2    6    5    10    69      81.03          1341.91             79.56          
  hu-genome40.plass.c100   k__Bacteria (UID203)      5449        104            58        17   3    7    7    6     64      76.57           987.33             60.16          
  hu-genome25.plass.c100   k__Bacteria (UID203)      5449        104            58        20   2    2    5    3     72      72.41          1457.65             54.37          
  hu-genome34.plass.c100   k__Bacteria (UID203)      5449        104            58        22   27   16   9    1     29      68.10           488.22             64.44          
  hu-genome26.plass.c100   k__Bacteria (UID203)      5449        103            57        29   5    0    7    4     58      66.83          1041.01             75.24          
  hu-genome19.plass.c100   k__Bacteria (UID203)      5449        104            58        32   10   15   15   5     27      66.54           225.66             65.41          
  hu-genome21.plass.c100   k__Bacteria (UID203)      5449        104            58        33   1    2    5    4     59      66.16          1076.25             67.38          
  hu-genome20.plass.c100   k__Bacteria (UID203)      5449        104            58        47   6    0    5    4     42      60.50           760.85             43.25          
  hu-genome38.plass.c100       root (UID1)           5656         56            24        19   0    1    2    2     32      55.69          1305.49             75.51          
  hu-genome28.plass.c100       root (UID1)           5656         56            24        15   0    0    2    3     36      54.98          1660.18             54.65          
  hu-genome27.plass.c100       root (UID1)           5656         56            24        23   0    1    0    0     32      46.08          1953.42             83.25          
------------------------------------------------------------------------------------------------------------------------------------------------------------------------------
